0.145928859558 0.140491883487 0.134660494302 0.1284062292 0.171081127655 0.279431405798
0.141235391548 0.13616436579 0.130727389719 0.124896000534 0.118641735432 0.348335116977
0.136439279355 0.131734203909 0.126663178151 0.12122620208 0.115394812895 0.368542323611
0.131873207745 0.127168132299 0.122463056853 0.117392031095 0.111955055024 0.389148516985
0.123482970556 0.123482970556 0.11877789511 0.114072819664 0.109001793906 0.411181550209
0.167636691266 0.107142864106 0.107142864106 0.10243778866 0.0977327132141 0.417907078649
0.362409011799 0.140186789577 0.0796929624164 0.0796929624164 0.0749878869706 0.263030386821
0.130705085212 0.352927307434 0.130705085212 0.0702112580511 0.0702112580511 0.245240006041
0.121907627553 0.121907627553 0.344129849775 0.121907627553 0.0614138003927 0.228733467172
0.113110169895 0.113110169895 0.113110169895 0.335332392117 0.113110169895 0.212226928304
0.113110169895 0.113110169895 0.113110169895 0.113110169895 0.335332392117 0.212226928304
0.104947580315 0.104947580315 0.104947580315 0.104947580315 0.104947580315 0.475262098427
0.0973740435909 0.0973740435909 0.0973740435909 0.0973740435909 0.0973740435909 0.513129782045
0.0903470507545 0.0903470507545 0.0903470507545 0.0903470507545 0.0903470507545 0.548264746228
0.0838271604938 0.0838271604938 0.0838271604938 0.0838271604938 0.0838271604938 0.580864197531
0.0777777777778 0.0777777777778 0.0777777777778 0.0777777777778 0.0777777777778 0.611111111111
1 0 0 0 0 0
0 1 0 0 0 0
0 0 1 0 0 0
0 0 0 1 0 0
0 0 0 0 1 0
0 0 0 0 0 1
